logT   -8.0   -7.5   -7.0   -6.5   -6.0   -5.5   -5.0   -4.5   -4.0   -3.5   -3.0   -2.5   -2.0   -1.5   -1.0   -0.5    0.0    0.5    1.0

3.75 -0.803 -0.936 -1.129 -1.338 -1.553 -1.767 -1.969 -2.142 -2.258 -2.281 -2.203 -2.053 -1.859 -1.642 -1.413 -1.171 -0.913 -0.632 -0.316
3.80 -0.546 -0.611 -0.688 -0.807 -0.957 -1.121 -1.284 -1.423 -1.510 -1.526 -1.463 -1.331 -1.160 -0.969 -0.764 -0.550 -0.324 -0.083  0.174
3.85 -0.553 -0.549 -0.545 -0.545 -0.560 -0.601 -0.660 -0.718 -0.752 -0.746 -0.690 -0.590 -0.456 -0.298 -0.125  0.060  0.258  0.471  0.700
3.90 -0.558 -0.545 -0.532 -0.500 -0.436 -0.339 -0.231 -0.136 -0.060  0.007  0.076  0.157  0.255  0.372  0.507  0.657  0.822  1.005  1.206
3.95 -0.559 -0.547 -0.535 -0.505 -0.433 -0.296 -0.084  0.176  0.423  0.614  0.748  0.849  0.937  1.027  1.126  1.239  1.369  1.518  1.688
4.00 -0.541 -0.538 -0.535 -0.512 -0.450 -0.318 -0.090  0.232  0.605  0.951  1.215  1.398  1.522  1.616  1.701  1.789  1.889  2.008  2.147
4.05 -0.511 -0.512 -0.513 -0.504 -0.460 -0.347 -0.136  0.184  0.588  1.021  1.418  1.731  1.943  2.087  2.192  2.279  2.365  2.464  2.580
4.10 -0.510 -0.504 -0.498 -0.484 -0.445 -0.353 -0.174  0.115  0.506  0.956  1.422  1.844  2.179  2.419  2.578  2.694  2.788  2.880  2.984
4.15 -0.506 -0.499 -0.492 -0.477 -0.439 -0.351 -0.186  0.071  0.425  0.859  1.335  1.817  2.258  2.607  2.855  3.026  3.152  3.255  3.358
4.20 -0.504 -0.495 -0.486 -0.471 -0.437 -0.358 -0.205  0.043  0.384  0.794  1.256  1.752  2.243  2.684  3.037  3.283  3.458  3.591  3.704
4.25 -0.502 -0.491 -0.480 -0.463 -0.431 -0.360 -0.223  0.009  0.343  0.761  1.221  1.710  2.209  2.705  3.140  3.472  3.711  3.887  4.023
4.30 -0.500 -0.486 -0.472 -0.452 -0.419 -0.354 -0.227 -0.011  0.312  0.732  1.207  1.704  2.201  2.717  3.200  3.609  3.916  4.141  4.315
4.35 -0.491 -0.478 -0.465 -0.441 -0.403 -0.339 -0.219 -0.013  0.303  0.720  1.200  1.708  2.229  2.750  3.254  3.714  4.085  4.359  4.572
4.40 -0.471 -0.462 -0.453 -0.426 -0.382 -0.314 -0.198  0.002  0.315  0.733  1.216  1.733  2.260  2.798  3.326  3.813  4.230  4.552  4.794
4.45 -0.447 -0.438 -0.429 -0.403 -0.355 -0.280 -0.161  0.039  0.352  0.773  1.261  1.781  2.313  2.865  3.406  3.918  4.364  4.721  4.993
4.50 -0.440 -0.423 -0.407 -0.374 -0.315 -0.226 -0.097  0.103  0.414  0.836  1.328  1.850  2.387  2.939  3.491  4.022  4.488  4.869  5.159
4.55 -0.437 -0.419 -0.402 -0.365 -0.300 -0.187 -0.023  0.197  0.508  0.923  1.412  1.933  2.473  3.020  3.573  4.114  4.594  4.987  5.281
4.60 -0.435 -0.417 -0.400 -0.362 -0.294 -0.173  0.020  0.289  0.631  1.041  1.513  2.022  2.558  3.097  3.644  4.180  4.661  5.056  5.343
4.65 -0.425 -0.411 -0.397 -0.365 -0.301 -0.178  0.024  0.319  0.704  1.148  1.617  2.109  2.626  3.152  3.684  4.203  4.673  5.063  5.346
4.70 -0.417 -0.403 -0.389 -0.360 -0.304 -0.190  0.012  0.313  0.708  1.171  1.663  2.161  2.661  3.169  3.680  4.177  4.631  5.013  5.296
4.75 -0.415 -0.399 -0.384 -0.355 -0.303 -0.201 -0.014  0.280  0.672  1.130  1.625  2.137  2.644  3.143  3.636  4.114  4.554  4.930  5.218
4.80 -0.415 -0.397 -0.380 -0.354 -0.305 -0.210 -0.037  0.239  0.617  1.068  1.558  2.067  2.579  3.082  3.569  4.036  4.468  4.840  5.132
4.85 -0.426 -0.404 -0.383 -0.351 -0.301 -0.215 -0.056  0.202  0.563  1.007  1.494  1.999  2.507  3.012  3.501  3.966  4.395  4.762  5.053
4.90 -0.434 -0.413 -0.393 -0.360 -0.305 -0.216 -0.068  0.171  0.516  0.952  1.441  1.948  2.455  2.959  3.448  3.916  4.342  4.702  4.982
4.95 -0.444 -0.423 -0.403 -0.371 -0.316 -0.224 -0.072  0.161  0.491  0.918  1.406  1.918  2.430  2.932  3.418  3.886  4.307  4.653  4.912
5.00 -0.450 -0.432 -0.415 -0.384 -0.330 -0.237 -0.085  0.151  0.485  0.905  1.388  1.904  2.420  2.923  3.409  3.872  4.281  4.606  4.832
5.05 -0.445 -0.431 -0.417 -0.392 -0.343 -0.249 -0.093  0.145  0.485  0.913  1.395  1.906  2.422  2.925  3.409  3.859  4.248  4.543  4.737
5.10 -0.435 -0.425 -0.415 -0.392 -0.350 -0.264 -0.108  0.137  0.484  0.921  1.409  1.918  2.431  2.930  3.404  3.831  4.189  4.452  4.620
5.15 -0.433 -0.421 -0.409 -0.388 -0.351 -0.273 -0.123  0.126  0.484  0.930  1.424  1.934  2.441  2.930  3.383  3.774  4.094  4.331  4.494
5.20 -0.430 -0.418 -0.406 -0.387 -0.352 -0.283 -0.143  0.102  0.465  0.923  1.428  1.942  2.445  2.921  3.340  3.687  3.970  4.193  4.358
5.25 -0.433 -0.421 -0.409 -0.389 -0.357 -0.292 -0.161  0.074  0.433  0.893  1.408  1.931  2.434  2.895  3.278  3.579  3.830  4.046  4.214
5.30 -0.447 -0.433 -0.419 -0.399 -0.369 -0.310 -0.191  0.032  0.381  0.840  1.360  1.895  2.403  2.849  3.200  3.462  3.688  3.898  4.071
5.35 -0.452 -0.441 -0.430 -0.412 -0.380 -0.327 -0.223 -0.021  0.310  0.762  1.289  1.834  2.350  2.787  3.111  3.344  3.551  3.752  3.935
5.40 -0.456 -0.447 -0.438 -0.422 -0.394 -0.344 -0.250 -0.072  0.231  0.666  1.196  1.755  2.280  2.711  3.015  3.226  3.419  3.612  3.745
5.45 -0.460 -0.452 -0.444 -0.430 -0.405 -0.359 -0.272 -0.112  0.160  0.566  1.085  1.658  2.195  2.626  2.918  3.113  3.292  3.479  3.609
5.50 -0.461 -0.454 -0.447 -0.434 -0.412 -0.369 -0.289 -0.142  0.104  0.478  0.976  1.549  2.101  2.537  2.821  3.005  3.173  3.350  3.475
5.55 -0.463 -0.455 -0.447 -0.435 -0.414 -0.375 -0.300 -0.162  0.068  0.416  0.888  1.447  2.005  2.447  2.728  2.903  3.061  3.177  3.268
5.60 -0.465 -0.457 -0.449 -0.436 -0.414 -0.375 -0.303 -0.172  0.048  0.379  0.827  1.365  1.917  2.361  2.639  2.809  2.955  3.064  3.151
5.65 -0.466 -0.459 -0.452 -0.439 -0.417 -0.378 -0.306 -0.177  0.039  0.364  0.796  1.312  1.845  2.281  2.552  2.720  2.846  2.944  3.023
5.70 -0.469 -0.462 -0.455 -0.443 -0.422 -0.383 -0.311 -0.180  0.039  0.364  0.789  1.285  1.794  2.208  2.466  2.629  2.747  2.840  2.917
5.75 -0.469 -0.464 -0.459 -0.448 -0.428 -0.392 -0.321 -0.190  0.034  0.368  0.794  1.275  1.756  2.140  2.379  2.528  2.639  2.727  2.800
5.80 -0.471 -0.467 -0.463 -0.454 -0.436 -0.403 -0.336 -0.207  0.021  0.365  0.797  1.270  1.722  2.071  2.288  2.429  2.535  2.621  2.692
5.85 -0.469 -0.467 -0.465 -0.459 -0.444 -0.416 -0.357 -0.234 -0.006  0.349  0.791  1.260  1.684  1.997  2.190  2.329  2.434  2.519  2.589
5.90 -0.470 -0.468 -0.466 -0.461 -0.451 -0.427 -0.377 -0.267 -0.046  0.315  0.770  1.238  1.637  1.915  2.089  2.223  2.325  2.408  2.477
5.95 -0.468 -0.467 -0.466 -0.463 -0.455 -0.437 -0.395 -0.300 -0.098  0.260  0.731  1.202  1.580  1.829  1.990  2.129  2.234  2.319  2.389
6.00 -0.468 -0.467 -0.466 -0.463 -0.457 -0.443 -0.408 -0.327 -0.150  0.189  0.666  1.145  1.510  1.744  1.900  2.051  2.163  2.252  2.325
6.10 -0.470 -0.468 -0.466 -0.463 -0.457 -0.445 -0.419 -0.358 -0.223  0.049  0.489  0.974  1.345  1.589  1.768  1.950  2.078  2.177  2.257
6.20 -0.471 -0.470 -0.469 -0.466 -0.459 -0.446 -0.421 -0.367 -0.253 -0.030  0.345  0.803  1.198  1.484  1.705  1.928  2.075  2.184  2.271
6.30 -0.470 -0.470 -0.470 -0.468 -0.463 -0.451 -0.425 -0.373 -0.268 -0.060  0.280  0.712  1.122  1.445  1.694  1.917  2.064  2.173  2.260
6.40 -0.472 -0.471 -0.470 -0.469 -0.465 -0.456 -0.434 -0.381 -0.278 -0.082  0.250  0.677  1.091  1.417  1.653  1.827  1.951  2.047  2.126
6.50 -0.473 -0.472 -0.471 -0.470 -0.466 -0.459 -0.441 -0.397 -0.298 -0.108  0.207  0.618  1.016  1.314  1.511  1.687  1.812  1.909  1.988
6.60 -0.472 -0.472 -0.472 -0.471 -0.467 -0.460 -0.444 -0.406 -0.320 -0.146  0.145  0.517  0.873  1.140  1.332  1.515  1.643  1.742  1.823
6.70 -0.473 -0.473 -0.473 -0.472 -0.469 -0.463 -0.447 -0.411 -0.332 -0.173  0.091  0.424  0.733  0.976  1.148  1.407  1.568  1.685  1.778
6.80 -0.474 -0.474 -0.474 -0.474 -0.472 -0.467 -0.455 -0.422 -0.346 -0.197  0.045  0.345  0.615  0.812  0.989  1.244  1.404  1.520  1.612
6.90 -0.477 -0.476 -0.475 -0.475 -0.474 -0.471 -0.462 -0.438 -0.376 -0.245 -0.029  0.231  0.459  0.627  0.811  1.056  1.212  1.326  1.416
7.00 -0.477 -0.477 -0.477 -0.476 -0.476 -0.474 -0.468 -0.452 -0.408 -0.310 -0.139  0.072  0.262  0.434  0.618  0.860  1.014  1.128  1.218
7.10 -0.479 -0.479 -0.479 -0.478 -0.478 -0.477 -0.473 -0.462 -0.433 -0.366 -0.245 -0.085  0.079  0.255  0.454  0.754  0.930  1.055  1.151
7.20 -0.481 -0.481 -0.481 -0.481 -0.481 -0.480 -0.477 -0.469 -0.450 -0.404 -0.321 -0.203 -0.057  0.105  0.348  0.605  0.765  0.882  0.974
7.30 -0.484 -0.484 -0.484 -0.484 -0.484 -0.483 -0.481 -0.476 -0.462 -0.430 -0.371 -0.280 -0.159  0.005  0.229  0.469  0.623  0.736  0.826
7.40 -0.487 -0.487 -0.487 -0.487 -0.487 -0.487 -0.485 -0.481 -0.471 -0.448 -0.404 -0.332 -0.230 -0.080  0.122  0.370  0.527  0.642  0.733
7.50 -0.492 -0.492 -0.492 -0.492 -0.492 -0.491 -0.490 -0.487 -0.479 -0.462 -0.428 -0.370 -0.282 -0.158  0.017  0.284  0.448  0.567  0.660
7.60 -0.497 -0.497 -0.497 -0.497 -0.497 -0.497 -0.496 -0.493 -0.487 -0.473 -0.446 -0.399 -0.328 -0.225 -0.059  0.189  0.346  0.461  0.552
7.70 -0.504 -0.504 -0.504 -0.504 -0.503 -0.503 -0.502 -0.500 -0.496 -0.485 -0.463 -0.426 -0.372 -0.282 -0.158  0.136  0.310  0.433  0.530
7.80 -0.512 -0.512 -0.512 -0.512 -0.512 -0.511 -0.511 -0.509 -0.505 -0.497 -0.480 -0.453 -0.413 -0.355 -0.203  0.128  0.314  0.443  0.543
7.90 -0.522 -0.522 -0.522 -0.522 -0.521 -0.521 -0.521 -0.520 -0.517 -0.510 -0.499 -0.482 -0.460 -0.413 -0.277  0.050  0.234  0.363  0.463
8.00 -0.534 -0.534 -0.534 -0.534 -0.534 -0.534 -0.534 -0.533 -0.531 -0.527 -0.519 -0.517 -0.503 -0.523 -0.335  0.044  0.243  0.379  0.483